1767916161746 0.0 0
1767916161927 0.0 1
1767916162096 0.0 2
1767916162266 0.0 3
1767916162458 0.0 4
1767916162626 0.0 5
1767916162806 0.0 6
1767916162977 0.0 7
1767916163147 0.0 8
1767916163328 0.0 9
1767916163509 0.0 10
1767916163689 0.0 11
1767916163866 0.0 12
1767916164047 0.0 13
1767916164217 0.0 14
1767916164387 0.0 15
1767916164567 0.0 16
1767916164747 0.0 17
1767916164917 0.0 18
1767916165118 0.0 19
1767916165295 0.0 20
1767916165463 0.0 21
1767916165653 0.0 22
1767916165844 0.0 23
1767916166034 0.0 24
1767916166244 0.0 25
1767916166444 0.0 26
1767916166624 0.0 27
1767916166825 0.0 28
1767916166995 0.0 29
1767916167185 0.0 30
1767916167358 0.0 31
1767916167534 0.0 32
1767916167800 0.0 33
1767916167990 0.0 34
1767916168160 0.0 35
1767916168330 0.0 36
1767916168500 0.0 37
1767916168674 0.0 38
1767916168861 0.0 39
1767916169081 0.0 40
1767916169262 0.0 41
1767916169441 0.0 42
1767916169621 0.0 43
1767916169837 0.0 44
1767916170053 0.0 45
1767916170243 0.0 46
1767916170433 0.0 47
1767916170633 0.0 48
1767916170833 0.0 49
