1767916161746 0.013598977588117123 0
1767916161927 0.013029114343225956 1
1767916162096 0.013428447768092155 2
1767916162266 0.01363535225391388 3
1767916162458 0.013769417069852352 4
1767916162626 0.013863056898117065 5
1767916162806 0.013931913301348686 6
1767916162977 0.013984350487589836 7
1767916163147 0.014025641605257988 8
1767916163328 0.014058725908398628 9
1767916163509 0.014085843227803707 10
1767916163689 0.014108479022979736 11
1767916163866 0.01412750780582428 12
1767916164047 0.014143750071525574 13
1767916164217 0.014157668687403202 14
1767916164387 0.014169813133776188 15
1767916164567 0.01418039295822382 16
1767916164747 0.014189704321324825 17
1767916164917 0.01419796235859394 18
1767916165118 0.014205235056579113 19
1767916165295 0.014211801812052727 20
1767916165463 0.014217659831047058 21
1767916165653 0.01422293670475483 22
1767916165844 0.014227626845240593 23
1767916166034 0.014231949113309383 24
1767916166244 0.014235899783670902 25
1767916166444 0.014239414595067501 26
1767916166624 0.014242633245885372 27
1767916166825 0.014245613478124142 28
1767916166995 0.014248312450945377 29
1767916167185 0.014250785112380981 30
1767916167358 0.014253019355237484 31
1767916167534 0.014255136251449585 32
1767916167800 0.014257012866437435 33
1767916167990 0.01425883173942566 34
1767916168160 0.014260470867156982 35
1767916168330 0.01426198985427618 36
1767916168500 0.014263409189879894 37
1767916168674 0.014264657162129879 38
1767916168861 0.014265866950154305 39
1767916169081 0.014266983605921268 40
1767916169262 0.014267951250076294 41
1767916169441 0.014268933795392513 42
1767916169621 0.014269828796386719 43
1767916169837 0.014270662330091 44
1767916170053 0.014271453022956848 45
1767916170243 0.01427213940769434 46
1767916170433 0.01427279319614172 47
1767916170633 0.014273419976234436 48
1767916170833 0.014274016954004765 49
