1767916161746 0.013598979450762272 0
1767916161927 0.013029112480580807 1
1767916162096 0.01342844869941473 2
1767916162266 0.013635351322591305 3
1767916162458 0.013769418001174927 4
1767916162626 0.01386305782943964 5
1767916162806 0.013931915163993835 6
1767916162977 0.01398435141891241 7
1767916163147 0.014025641605257988 8
1767916163328 0.014058724045753479 9
1767916163509 0.014085845090448856 10
1767916163689 0.014108479954302311 11
1767916163866 0.01412750594317913 12
1767916164047 0.014143751002848148 13
1767916164217 0.014157667756080627 14
1767916164387 0.014169812202453613 15
1767916164567 0.01418039109557867 16
1767916164747 0.014189706183969975 17
1767916164917 0.014197958633303642 18
1767916165118 0.014205233193933964 19
1767916165295 0.014211803674697876 20
1767916165463 0.014217659831047058 21
1767916165653 0.01422293484210968 22
1767916165844 0.014227629639208317 23
1767916166034 0.014231951907277107 24
1767916166244 0.014235898852348328 25
1767916166444 0.01423941645771265 26
1767916166624 0.014242633245885372 27
1767916166825 0.014245614409446716 28
1767916166995 0.014248310588300228 29
1767916167185 0.014250785112380981 30
1767916167358 0.014253022149205208 31
1767916167534 0.014255136251449585 32
1767916167800 0.014257014729082584 33
1767916167990 0.01425882987678051 34
1767916168160 0.014260471798479557 35
1767916168330 0.014261990785598755 36
1767916168500 0.014263407327234745 37
1767916168674 0.014264658093452454 38
1767916168861 0.01426586601883173 39
1767916169081 0.014266983605921268 40
1767916169262 0.014267953112721443 41
1767916169441 0.014268934726715088 42
1767916169621 0.014269828796386719 43
1767916169837 0.014270663261413574 44
1767916170053 0.014271453954279423 45
1767916170243 0.01427213940769434 46
1767916170433 0.014272794127464294 47
1767916170633 0.01427342090755701 48
1767916170833 0.01427401788532734 49
