1767916161746 0.013085853932450047 0
1767916161927 0.012633594293079265 1
1767916162096 0.012633182244279928 2
1767916162266 0.012634569869986036 3
1767916162458 0.012635431672129448 4
1767916162626 0.012636048697501033 5
1767916162806 0.012636507958198649 6
1767916162977 0.012636859282864581 7
1767916163147 0.01263713389932491 8
1767916163328 0.012637355028164547 9
1767916163509 0.012637535950900823 10
1767916163689 0.012637688557977462 11
1767916163866 0.01263781751921581 12
1767916164047 0.012637925212168744 13
1767916164217 0.012638019003326123 14
1767916164387 0.012638099968298197 15
1767916164567 0.012638170959830277 16
1767916164747 0.012638232806730753 17
1767916164917 0.012638287336841187 18
1767916165118 0.01263833673802976 19
1767916165295 0.01263838091893334 20
1767916165463 0.012638419312228765 21
1767916165653 0.012638454725036993 22
1767916165844 0.01263848472578609 23
1767916166034 0.012638513288684258 24
1767916166244 0.012638539420958494 25
1767916166444 0.012638564658152392 26
1767916166624 0.01263858517770874 27
1767916166825 0.012638604312896396 28
1767916166995 0.01263862260904121 29
1767916167185 0.012638639441148618 30
1767916167358 0.012638655564126553 31
1767916167534 0.01263866768357952 32
1767916167800 0.012638679943368031 33
1767916167990 0.01263869343627531 34
1767916168160 0.012638703557754176 35
1767916168330 0.012638713922850956 36
1767916168500 0.012638722728074947 37
1767916168674 0.012638732090816885 38
1767916168861 0.012638739694614133 39
1767916169081 0.012638745222202642 40
1767916169262 0.01263875309916422 41
1767916169441 0.012638759652637856 42
1767916169621 0.012638764106151444 43
1767916169837 0.012638771172648522 44
1767916170053 0.012638774898795209 45
1767916170243 0.012638780412029092 46
1767916170433 0.012638783516083166 47
1767916170633 0.012638789569446869 48
1767916170833 0.012638792414954001 49
