1767986823198 0.5 0
1767986823416 0.5148305084745762 1
1767986823620 0.5084745762711864 2
1767986823826 0.5042372881355932 3
1767986824024 0.5 4
1767986824216 0.5042372881355932 5
1767986824404 0.5042372881355932 6
1767986824594 0.5063559322033898 7
1767986824831 0.5021186440677966 8
1767986825021 0.5042372881355932 9
1767986825220 0.5 10
1767986825413 0.5 11
1767986825603 0.4978813559322034 12
1767986825793 0.4957627118644068 13
1767986825983 0.4957627118644068 14
1767986826203 0.4957627118644068 15
1767986826418 0.4936440677966102 16
1767986826608 0.4936440677966102 17
1767986826808 0.4936440677966102 18
1767986826997 0.4915254237288136 19
1767986827208 0.4915254237288136 20
1767986827397 0.4957627118644068 21
1767986827574 0.4936440677966102 22
1767986827764 0.5 23
1767986827964 0.4978813559322034 24
1767986828138 0.5 25
1767986828329 0.5 26
1767986828508 0.4978813559322034 27
1767986828688 0.4978813559322034 28
1767986828878 0.4978813559322034 29
1767986829073 0.5 30
1767986829263 0.4978813559322034 31
1767986829447 0.5021186440677966 32
1767986829633 0.5021186440677966 33
1767986829833 0.5021186440677966 34
1767986830049 0.5021186440677966 35
1767986830282 0.5021186440677966 36
1767986830472 0.5 37
1767986830693 0.5 38
1767986830879 0.4957627118644068 39
1767986831088 0.4957627118644068 40
1767986831298 0.4978813559322034 41
1767986831498 0.4978813559322034 42
1767986831696 0.4936440677966102 43
1767986831906 0.4936440677966102 44
1767986832132 0.4915254237288136 45
1767986832342 0.4915254237288136 46
1767986832552 0.4872881355932203 47
1767986832804 0.4872881355932203 48
1767986833036 0.4894067796610169 49
