1767986823198 0.2684877812862396 0
1767986823416 0.24274863302707672 1
1767986823620 0.22896769642829895 2
1767986823826 0.20635157823562622 3
1767986824024 0.17170698940753937 4
1767986824216 0.15558850765228271 5
1767986824404 0.1511080116033554 6
1767986824594 0.14487794041633606 7
1767986824831 0.13920851051807404 8
1767986825021 0.13070322573184967 9
1767986825220 0.1151997298002243 10
1767986825413 0.09811509400606155 11
1767986825603 0.09044846892356873 12
1767986825793 0.08154778182506561 13
1767986825983 0.07696905732154846 14
1767986826203 0.07398899644613266 15
1767986826418 0.07283394038677216 16
1767986826608 0.0721445083618164 17
1767986826808 0.07176981121301651 18
1767986826997 0.07129182666540146 19
1767986827208 0.07062292844057083 20
1767986827397 0.0696369856595993 21
1767986827574 0.06830628961324692 22
1767986827764 0.06662413477897644 23
1767986827964 0.0646289587020874 24
1767986828138 0.06238982826471329 25
1767986828329 0.059992771595716476 26
1767986828508 0.05753061920404434 27
1767986828688 0.055078648030757904 28
1767986828878 0.05269224941730499 29
1767986829073 0.050405021756887436 30
1767986829263 0.04824407771229744 31
1767986829447 0.046221837401390076 32
1767986829633 0.04434938356280327 33
1767986829833 0.042636629194021225 34
1767986830049 0.041074398905038834 35
1767986830282 0.039678823202848434 36
1767986830472 0.03844170272350311 37
1767986830693 0.037353597581386566 38
1767986830879 0.03642785921692848 39
1767986831088 0.035650014877319336 40
1767986831298 0.03502180799841881 41
1767986831498 0.034540824592113495 42
1767986831696 0.03420514985918999 43
1767986831906 0.03401331603527069 44
1767986832132 0.033961597830057144 45
1767986832342 0.0340447872877121 46
1767986832552 0.03425335884094238 47
1767986832804 0.034575894474983215 48
1767986833036 0.03499555215239525 49
