1767986823198 0.31801554560661316 0
1767986823416 0.29195740818977356 1
1767986823620 0.2758551836013794 2
1767986823826 0.2512262165546417 3
1767986824024 0.21406349539756775 4
1767986824216 0.19291283190250397 5
1767986824404 0.1836208999156952 6
1767986824594 0.1736382246017456 7
1767986824831 0.16527393460273743 8
1767986825021 0.15512213110923767 9
1767986825220 0.13853254914283752 10
1767986825413 0.12052834033966064 11
1767986825603 0.11163327842950821 12
1767986825793 0.10238981992006302 13
1767986825983 0.09747778624296188 14
1767986826203 0.09430334717035294 15
1767986826418 0.09291180223226547 16
1767986826608 0.09201124310493469 17
1767986826808 0.09142861515283585 18
1767986826997 0.09076054394245148 19
1767986827208 0.08990544825792313 20
1767986827397 0.08873384445905685 21
1767986827574 0.08720401674509048 22
1767986827764 0.08530878275632858 23
1767986827964 0.0830850750207901 24
1767986828138 0.08060052990913391 25
1767986828329 0.07794085144996643 26
1767986828508 0.07519402354955673 27
1767986828688 0.07243813574314117 28
1767986828878 0.06973527371883392 29
1767986829073 0.06712859123945236 30
1767986829263 0.06464626640081406 31
1767986829447 0.06230425462126732 32
1767986829633 0.06011134386062622 33
1767986829833 0.058073610067367554 34
1767986830049 0.05619548261165619 35
1767986830282 0.05448164790868759 36
1767986830472 0.05293736979365349 37
1767986830693 0.05156729742884636 38
1767986830879 0.05037560313940048 39
1767986831088 0.049365635961294174 40
1767986831298 0.048539161682128906 41
1767986831498 0.04789743199944496 42
1767986831696 0.047440074384212494 43
1767986831906 0.04716584458947182 44
1767986832132 0.0470719076693058 45
1767986832342 0.047151412814855576 46
1767986832552 0.047394830733537674 47
1767986832804 0.04778699576854706 48
1767986833036 0.04830806702375412 49
