1767986823198 0.015220568995778928 0
1767986823416 0.020951544113256292 1
1767986823620 0.019355495881280795 2
1767986823826 0.017617448602968287 3
1767986824024 0.015888856531209087 4
1767986824216 0.013563359711101399 5
1767986824404 0.010107660781349911 6
1767986824594 0.006919964805415328 7
1767986824831 0.004361608290280621 8
1767986825021 0.0026123281599387655 9
1767986825220 0.0014145429499143164 10
1767986825413 0.0007024553786675003 11
1767986825603 0.0005088451326892321 12
1767986825793 0.0004221147955831839 13
1767986825983 0.00036337304898610923 14
1767986826203 0.00033328495673260714 15
1767986826418 0.000317484987869149 16
1767986826608 0.00030893998548215735 17
1767986826808 0.00030294260449731917 18
1767986826997 0.0002979879799597491 19
1767986827208 0.0002931071748530338 20
1767986827397 0.00028798840236460467 21
1767986827574 0.00028246756559266 22
1767986827764 0.0002765358542326853 23
1767986827964 0.0002702716015964172 24
1767986828138 0.0002637990896654364 25
1767986828329 0.00025726779559561455 26
1767986828508 0.0002508217903009462 27
1767986828688 0.00024458529761402806 28
1767986828878 0.00023865111879492742 29
1767986829073 0.00023307216871481 30
1767986829263 0.0002278720573280401 31
1767986829447 0.0002230484169558622 32
1767986829633 0.00021858024047105573 33
1767986829833 0.0002144427217576923 34
1767986830049 0.0002106073770259935 35
1767986830282 0.00020705064857353254 36
1767986830472 0.00020375649881081641 37
1767986830693 0.00020071199771571686 38
1767986830879 0.00019790952055407087 39
1767986831088 0.00019534403679332877 40
1767986831298 0.00019301342657737194 41
1767986831498 0.00019091925766969649 42
1767986831696 0.00018906324628680465 43
1767986831906 0.00018744930387202334 44
1767986832132 0.0001860832962554395 45
1767986832342 0.00018497132189241388 46
1767986832552 0.0001841180713405089 47
1767986832804 0.00018352366292205143 48
1767986833036 0.0001831789313655463 49
