1767918167293 0.0 0
1767918167516 0.0 1
1767918167701 0.0 2
1767918167875 0.0 3
1767918168097 0.0 4
1767918168296 0.0 5
1767918168529 0.0 6
1767918168733 0.0 7
1767918168931 0.0 8
1767918169121 0.0 9
1767918169319 0.0 10
1767918169501 0.0 11
1767918169671 0.0 12
1767918169868 0.0 13
1767918170077 0.0 14
1767918170271 0.0 15
1767918170459 0.0 16
1767918170691 0.0 17
1767918170865 0.0 18
1767918171046 0.0 19
1767918171259 0.0 20
1767918171436 0.0 21
1767918171632 0.0 22
1767918171833 0.0 23
1767918172034 0.0 24
1767918172271 0.0 25
1767918172488 0.0 26
1767918172694 0.0 27
1767918172951 0.0 28
1767918173194 0.0 29
1767918173431 0.0 30
1767918173629 0.0 31
1767918173889 0.0 32
1767918174180 0.0 33
1767918174465 0.0 34
1767918174713 0.0 35
1767918174956 0.0 36
1767918175238 0.0 37
1767918175472 0.0 38
1767918175682 0.0 39
1767918175898 0.0 40
1767918176112 0.0 41
1767918176403 0.0 42
1767918176635 0.0 43
1767918176893 0.0 44
1767918177154 0.0 45
1767918177426 0.0 46
1767918177727 0.0 47
1767918178009 0.0 48
1767918178260 0.0 49
