1767918167293 0.011257989332079887 0
1767918167516 0.012953572906553745 1
1767918167701 0.013843274675309658 2
1767918167875 0.014390790835022926 3
1767918168097 0.01485571451485157 4
1767918168296 0.015272245742380619 5
1767918168529 0.015643462538719177 6
1767918168733 0.015970882028341293 7
1767918168931 0.01625755988061428 8
1767918169121 0.01650722324848175 9
1767918169319 0.016724174842238426 10
1767918169501 0.0169124286621809 11
1767918169671 0.017075952142477036 12
1767918169868 0.017218168824911118 13
1767918170077 0.017342032864689827 14
1767918170271 0.01745023764669895 15
1767918170459 0.01754496991634369 16
1767918170691 0.017628127709031105 17
1767918170865 0.017701389268040657 18
1767918171046 0.017766064032912254 19
1767918171259 0.017823398113250732 20
1767918171436 0.017874345183372498 21
1767918171632 0.017919661477208138 22
1767918171833 0.017960162833333015 23
1767918172034 0.01799643039703369 24
1767918172271 0.018028972670435905 25
1767918172488 0.018058236688375473 26
1767918172694 0.01808462105691433 27
1767918172951 0.018108472228050232 28
1767918173194 0.018130062147974968 29
1767918173431 0.01814964972436428 30
1767918173629 0.018167462199926376 31
1767918173889 0.01818368211388588 32
1767918174180 0.018198447301983833 33
1767918174465 0.018211927264928818 34
1767918174713 0.01822427287697792 35
1767918174956 0.018235547468066216 36
1767918175238 0.0182458758354187 37
1767918175472 0.018255379050970078 38
1767918175682 0.018264131620526314 39
1767918175898 0.01827215775847435 40
1767918176112 0.01827951893210411 41
1767918176403 0.018286319449543953 42
1767918176635 0.01829257421195507 43
1767918176893 0.018298372626304626 44
1767918177154 0.018303748220205307 45
1767918177426 0.01830870285630226 46
1767918177727 0.01831326074898243 47
1767918178009 0.01831747777760029 48
1767918178260 0.01832140050828457 49
