1767918167293 0.011257992126047611 0
1767918167516 0.01295357197523117 1
1767918167701 0.013843276537954807 2
1767918167875 0.014390787109732628 3
1767918168097 0.01485571451485157 4
1767918168296 0.01527224387973547 5
1767918168529 0.015643464401364326 6
1767918168733 0.015970878303050995 7
1767918168931 0.01625756360590458 8
1767918169121 0.01650722324848175 9
1767918169319 0.016724176704883575 10
1767918169501 0.01691243052482605 11
1767918169671 0.017075950279831886 12
1767918169868 0.01721816509962082 13
1767918170077 0.017342040315270424 14
1767918170271 0.01745023764669895 15
1767918170459 0.01754496805369854 16
1767918170691 0.017628125846385956 17
1767918170865 0.017701387405395508 18
1767918171046 0.017766065895557404 19
1767918171259 0.01782340370118618 20
1767918171436 0.017874345183372498 21
1767918171632 0.01791965961456299 22
1767918171833 0.017960170283913612 23
1767918172034 0.01799643039703369 24
1767918172271 0.018028974533081055 25
1767918172488 0.018058232963085175 26
1767918172694 0.01808461919426918 27
1767918172951 0.018108472228050232 28
1767918173194 0.018130062147974968 29
1767918173431 0.01814964972436428 30
1767918173629 0.018167460337281227 31
1767918173889 0.018183687701821327 32
1767918174180 0.018198445439338684 33
1767918174465 0.01821192353963852 34
1767918174713 0.01822427660226822 35
1767918174956 0.018235551193356514 36
1767918175238 0.018245883285999298 37
1767918175472 0.01825537532567978 38
1767918175682 0.018264129757881165 39
1767918175898 0.01827215403318405 40
1767918176112 0.018279515206813812 41
1767918176403 0.0182863250374794 42
1767918176635 0.01829257607460022 43
1767918176893 0.018298372626304626 44
1767918177154 0.01830374449491501 45
1767918177426 0.018308699131011963 46
1767918177727 0.01831326074898243 47
1767918178009 0.01831747591495514 48
1767918178260 0.018321402370929718 49
