1767918167293 0.016336202537878132 0
1767918167516 0.012644111104810842 1
1767918167701 0.012635409300653594 2
1767918167875 0.012638603177211449 3
1767918168097 0.012642403385316138 4
1767918168296 0.012646167174604697 5
1767918168529 0.012649650448656274 6
1767918168733 0.01265278140219837 7
1767918168931 0.012655554597385583 8
1767918169121 0.012657991094923634 9
1767918169319 0.012660128501907784 10
1767918169501 0.012661999335182108 11
1767918169671 0.012663642051572423 12
1767918169868 0.012665085232985233 13
1767918170077 0.012666356018242848 14
1767918170271 0.012667477180702191 15
1767918170459 0.012668472047263495 16
1767918170691 0.012669353652724874 17
1767918170865 0.012670137567367581 18
1767918171046 0.012670838256299043 19
1767918171259 0.012671465806297633 20
1767918171436 0.012672030609534143 21
1767918171632 0.01267253755333605 22
1767918171833 0.012672995850901694 23
1767918172034 0.012673410391613273 24
1767918172271 0.012673784746765024 25
1767918172488 0.012674124454527388 26
1767918172694 0.01267443305227327 27
1767918172951 0.012674714838121716 28
1767918173194 0.01267497365782035 29
1767918173431 0.012675206853118374 30
1767918173629 0.012675421202015945 31
1767918173889 0.012675620912652619 32
1767918174180 0.012675800246589911 33
1767918174465 0.012675965813410121 34
1767918174713 0.012676119889572996 35
1767918174956 0.012676260913648109 36
1767918175238 0.012676388554492218 37
1767918175472 0.012676509201019754 38
1767918175682 0.012676618803012726 39
1767918175898 0.01267671991474314 40
1767918176112 0.012676814536697206 41
1767918176403 0.012676900778122275 42
1767918176635 0.012676981825567337 43
1767918176893 0.012677057190418528 44
1767918177154 0.012677125380704844 45
1767918177426 0.012677190814648088 46
1767918177727 0.012677247859890675 47
1767918178009 0.012677302869704594 48
1767918178260 0.012677355293307498 49
