1767916470287 0.0 0
1767916470489 0.0 1
1767916470689 0.0 2
1767916470859 0.0 3
1767916471039 0.0 4
1767916471227 0.0 5
1767916471417 0.0 6
1767916471608 0.0 7
1767916471818 0.0 8
1767916471988 0.0 9
1767916472168 0.0 10
1767916472363 0.0 11
1767916472540 0.0 12
1767916472714 0.0 13
1767916472884 0.0 14
1767916473065 0.0 15
1767916473231 0.0 16
1767916473432 0.0 17
1767916473602 0.0 18
1767916473801 0.0 19
1767916474010 0.0 20
1767916474221 0.0 21
1767916474401 0.0 22
1767916474591 0.0 23
1767916474771 0.0 24
1767916474937 0.0 25
1767916475122 0.0 26
1767916475303 0.0 27
1767916475513 0.0 28
1767916475703 0.0 29
1767916475904 0.0 30
1767916476085 0.0 31
1767916476263 0.0 32
1767916476433 0.0 33
1767916476637 0.0 34
1767916476818 0.0 35
1767916477008 0.0 36
1767916477189 0.0 37
1767916477378 0.0 38
1767916477568 0.0 39
1767916477764 0.0 40
1767916477934 0.0 41
1767916478146 0.0 42
1767916478317 0.0 43
1767916478496 0.0 44
1767916478676 0.0 45
1767916478857 0.0 46
1767916479067 0.0 47
1767916479247 0.0 48
1767916479467 0.0 49
