1767916470287 0.09966138005256653 0
1767916470489 0.0008004457922652364 1
1767916470689 0.004372469615191221 2
1767916470859 0.004614322911947966 3
1767916471039 0.0050626168958842754 4
1767916471227 0.005516022443771362 5
1767916471417 0.00598199013620615 6
1767916471608 0.006458230782300234 7
1767916471818 0.006941973697394133 8
1767916471988 0.007429406046867371 9
1767916472168 0.007916479371488094 10
1767916472363 0.008398622274398804 11
1767916472540 0.008871315978467464 12
1767916472714 0.009330160915851593 13
1767916472884 0.009771191515028477 14
1767916473065 0.01019102893769741 15
1767916473231 0.01058698259294033 16
1767916473432 0.010957306250929832 17
1767916473602 0.011301056481897831 18
1767916473801 0.011618100106716156 19
1767916474010 0.01190915610641241 20
1767916474221 0.012175439856946468 21
1767916474401 0.012418746948242188 22
1767916474591 0.01264115422964096 23
1767916474771 0.012844979763031006 24
1767916474937 0.013032501563429832 25
1767916475122 0.0132062416523695 26
1767916475303 0.013368233107030392 27
1767916475513 0.013520628213882446 28
1767916475703 0.013665281236171722 29
1767916475904 0.013803668320178986 30
1767916476085 0.013937383890151978 31
1767916476263 0.014067393727600574 32
1767916476433 0.014194771647453308 33
1767916476637 0.014320099726319313 34
1767916476818 0.0144440196454525 35
1767916477008 0.014566841535270214 36
1767916477189 0.01468884851783514 37
1767916477378 0.01481014396995306 38
1767916477568 0.014930710196495056 39
1767916477764 0.015050415880978107 40
1767916477934 0.0151691734790802 41
1767916478146 0.015286760404706001 42
1767916478317 0.015402915887534618 43
1767916478496 0.015517428517341614 44
1767916478676 0.015629978850483894 45
1767916478857 0.015740379691123962 46
1767916479067 0.015848278999328613 47
1767916479247 0.015953514724969864 48
1767916479467 0.016055818647146225 49
