1767916470287 0.09966140985488892 0
1767916470489 0.0008004456758499146 1
1767916470689 0.0043724700808525085 2
1767916470859 0.004614323377609253 3
1767916471039 0.0050626168958842754 4
1767916471227 0.00551602290943265 5
1767916471417 0.0059819892048835754 6
1767916471608 0.006458229850977659 7
1767916471818 0.00694197416305542 8
1767916471988 0.007429405115544796 9
1767916472168 0.007916481234133244 10
1767916472363 0.008398622274398804 11
1767916472540 0.008871316909790039 12
1767916472714 0.009330159984529018 13
1767916472884 0.009771190583705902 14
1767916473065 0.010191031731665134 15
1767916473231 0.01058698445558548 16
1767916473432 0.010957309044897556 17
1767916473602 0.011301055550575256 18
1767916473801 0.01161810103803873 19
1767916474010 0.011909155175089836 20
1767916474221 0.012175440788269043 21
1767916474401 0.012418746016919613 22
1767916474591 0.01264115422964096 23
1767916474771 0.012844979763031006 24
1767916474937 0.013032503426074982 25
1767916475122 0.013206242583692074 26
1767916475303 0.013368232175707817 27
1767916475513 0.013520630076527596 28
1767916475703 0.013665283098816872 29
1767916475904 0.013803668320178986 30
1767916476085 0.013937382958829403 31
1767916476263 0.014067394658923149 32
1767916476433 0.014194773510098457 33
1767916476637 0.014320097863674164 34
1767916476818 0.014444015920162201 35
1767916477008 0.014566846191883087 36
1767916477189 0.01468884851783514 37
1767916477378 0.01481014583259821 38
1767916477568 0.014930708333849907 39
1767916477764 0.015050417743623257 40
1767916477934 0.015169171616435051 41
1767916478146 0.015286756679415703 42
1767916478317 0.015402920544147491 43
1767916478496 0.015517428517341614 44
1767916478676 0.015629976987838745 45
1767916478857 0.015740379691123962 46
1767916479067 0.015848278999328613 47
1767916479247 0.015953516587615013 48
1767916479467 0.016055814921855927 49
