1767916470287 0.09719093460890074 0
1767916470489 0.01459228113126523 1
1767916470689 0.012603726575156132 2
1767916470859 0.012609195436428015 3
1767916471039 0.012611104627985207 4
1767916471227 0.01261316252734147 5
1767916471417 0.012615048041421544 6
1767916471608 0.01261679600071719 7
1767916471818 0.012618406362052262 8
1767916471988 0.012619888537083065 9
1767916472168 0.012621246166800479 10
1767916472363 0.012622476985208474 11
1767916472540 0.012623592704814097 12
1767916472714 0.01262459291722583 13
1767916472884 0.012625488067811544 14
1767916473065 0.012626287049703 15
1767916473231 0.012627001285593117 16
1767916473432 0.012627643509909902 17
1767916473602 0.012628225867372087 18
1767916473801 0.012628766882342884 19
1767916474010 0.012629280199664677 20
1767916474221 0.01262977818866838 21
1767916474401 0.01263027354250818 22
1767916474591 0.012630777665960385 23
1767916474771 0.012631305428575221 24
1767916474937 0.01263185957328504 25
1767916475122 0.012632450444800339 26
1767916475303 0.012633080520233852 27
1767916475513 0.012633751553145426 28
1767916475703 0.012634467528974014 29
1767916475904 0.012635229202465167 30
1767916476085 0.012636034052071863 31
1767916476263 0.012636880486700945 32
1767916476433 0.012637767909488229 33
1767916476637 0.012638691808890731 34
1767916476818 0.012639645559951798 35
1767916477008 0.012640628613030825 36
1767916477189 0.012641636908724963 37
1767916477378 0.012642666791517942 38
1767916477568 0.012643709522841322 39
1767916477764 0.012644761486470252 40
1767916477934 0.012645821077969905 41
1767916478146 0.012646881429571728 42
1767916478317 0.012647937551721286 43
1767916478496 0.012648986639427585 44
1767916478676 0.012650025211664376 45
1767916478857 0.012651050374540507 46
1767916479067 0.01265205798519572 47
1767916479247 0.012653044089862087 48
1767916479467 0.01265400578467846 49
