1767987225669 0.4788135593220339 0
1767987225886 0.4957627118644068 1
1767987226167 0.5084745762711864 2
1767987226377 0.5084745762711864 3
1767987226582 0.510593220338983 4
1767987226778 0.510593220338983 5
1767987226958 0.5084745762711864 6
1767987227149 0.5042372881355932 7
1767987227338 0.5042372881355932 8
1767987227523 0.5063559322033898 9
1767987227713 0.5042372881355932 10
1767987227913 0.5042372881355932 11
1767987228103 0.5042372881355932 12
1767987228294 0.5042372881355932 13
1767987228474 0.5021186440677966 14
1767987228674 0.5021186440677966 15
1767987228869 0.5021186440677966 16
1767987229049 0.5042372881355932 17
1767987229229 0.5021186440677966 18
1767987229409 0.5042372881355932 19
1767987229619 0.5021186440677966 20
1767987229818 0.5042372881355932 21
1767987229998 0.5042372881355932 22
1767987230178 0.5042372881355932 23
1767987230377 0.5042372881355932 24
1767987230575 0.5042372881355932 25
1767987230765 0.5021186440677966 26
1767987230957 0.5042372881355932 27
1767987231136 0.5042372881355932 28
1767987231326 0.5021186440677966 29
1767987231518 0.5021186440677966 30
1767987231737 0.5042372881355932 31
1767987231940 0.5042372881355932 32
1767987232128 0.5021186440677966 33
1767987232318 0.5 34
1767987232498 0.5 35
1767987232698 0.5 36
1767987232878 0.5021186440677966 37
1767987233077 0.5021186440677966 38
1767987233267 0.5 39
1767987233454 0.5021186440677966 40
1767987233665 0.5021186440677966 41
1767987233850 0.4978813559322034 42
1767987234060 0.4936440677966102 43
1767987234250 0.4978813559322034 44
1767987234436 0.5 45
1767987234645 0.5 46
1767987234855 0.4957627118644068 47
1767987235079 0.4957627118644068 48
1767987235285 0.4936440677966102 49
