1767987225669 0.340844064950943 0
1767987225886 0.2284507155418396 1
1767987226167 0.18748345971107483 2
1767987226377 0.17561593651771545 3
1767987226582 0.16068941354751587 4
1767987226778 0.1443554311990738 5
1767987226958 0.13038679957389832 6
1767987227149 0.12281017005443573 7
1767987227338 0.11937408894300461 8
1767987227523 0.11678185313940048 9
1767987227713 0.1127832755446434 10
1767987227913 0.10561906546354294 11
1767987228103 0.09259045869112015 12
1767987228294 0.0694308876991272 13
1767987228474 0.04613397270441055 14
1767987228674 0.0477428212761879 15
1767987228869 0.044761329889297485 16
1767987229049 0.04629473760724068 17
1767987229229 0.04599924758076668 18
1767987229409 0.047072503715753555 19
1767987229619 0.04721960052847862 20
1767987229818 0.04767991974949837 21
1767987229998 0.04757310450077057 22
1767987230178 0.04735735431313515 23
1767987230377 0.04674768075346947 24
1767987230575 0.04591428488492966 25
1767987230765 0.04482864961028099 26
1767987230957 0.04357869178056717 27
1767987231136 0.04221691936254501 28
1767987231326 0.04080580919981003 29
1767987231518 0.03941876068711281 30
1767987231737 0.038101907819509506 31
1767987231940 0.036903370171785355 32
1767987232128 0.03582711145281792 33
1767987232318 0.034876082092523575 34
1767987232498 0.034061238169670105 35
1767987232698 0.033394575119018555 36
1767987232878 0.032864589244127274 37
1767987233077 0.03247252479195595 38
1767987233267 0.03222024068236351 39
1767987233454 0.03211046755313873 40
1767987233665 0.03214693069458008 41
1767987233850 0.03233547508716583 42
1767987234060 0.03267628327012062 43
1767987234250 0.0331679992377758 44
1767987234436 0.033808883279561996 45
1767987234645 0.03459691256284714 46
1767987234855 0.03554556518793106 47
1767987235079 0.036630578339099884 48
1767987235285 0.0378275141119957 49
