1767987225669 0.3805723488330841 0
1767987225886 0.27732083201408386 1
1767987226167 0.2374633103609085 2
1767987226377 0.22214265167713165 3
1767987226582 0.20381326973438263 4
1767987226778 0.1838899552822113 5
1767987226958 0.1655624657869339 6
1767987227149 0.1530555933713913 7
1767987227338 0.1449190229177475 8
1767987227523 0.13835427165031433 9
1767987227713 0.13123230636119843 10
1767987227913 0.12172657251358032 11
1767987228103 0.10696037858724594 12
1767987228294 0.08273188769817352 13
1767987228474 0.05950867757201195 14
1767987228674 0.06093117967247963 15
1767987228869 0.058170463889837265 16
1767987229049 0.05975814536213875 17
1767987229229 0.05961519852280617 18
1767987229409 0.06078615039587021 19
1767987229619 0.061063915491104126 20
1767987229818 0.06162070110440254 21
1767987229998 0.061611346900463104 22
1767987230178 0.061462804675102234 23
1767987230377 0.06090455874800682 24
1767987230575 0.060093462467193604 25
1767987230765 0.059003010392189026 26
1767987230957 0.057719744741916656 27
1767987231136 0.05629883334040642 28
1767987231326 0.05480986088514328 29
1767987231518 0.05331377312541008 30
1767987231737 0.05186189338564873 31
1767987231940 0.05049428343772888 32
1767987232128 0.04924049228429794 33
1767987232318 0.04812035709619522 34
1767987232498 0.04714738205075264 35
1767987232698 0.0463305301964283 36
1767987232878 0.04567648097872734 37
1767987233077 0.045191578567028046 38
1767987233267 0.04488072544336319 39
1767987233454 0.04475026950240135 40
1767987233665 0.044805970042943954 41
1767987233850 0.04505399614572525 42
1767987234060 0.04549914225935936 43
1767987234250 0.046144403517246246 44
1767987234436 0.04698837175965309 45
1767987234645 0.04802407696843147 46
1767987234855 0.049238421022892 47
1767987235079 0.05060937628149986 48
1767987235285 0.05210711807012558 49
