1767987225669 0.013221665705186165 0
1767987225886 0.0163263265198874 1
1767987226167 0.01959960329869289 2
1767987226377 0.018412349404365334 3
1767987226582 0.016180367480340085 4
1767987226778 0.014182055314801888 5
1767987226958 0.012186135868110032 6
1767987227149 0.010004559429240369 7
1767987227338 0.007746243708571719 8
1767987227523 0.005694631588055692 9
1767987227713 0.003969098669439254 10
1767987227913 0.002609400123307545 11
1767987228103 0.0015874089821731868 12
1767987228294 0.0008401807140950452 13
1767987228474 0.0003420850388201577 14
1767987228674 0.00023990403819733466 15
1767987228869 0.0002229926255583245 16
1767987229049 0.00022300651729775353 17
1767987229229 0.00021934738173689356 18
1767987229409 0.00022017572078883888 19
1767987229619 0.00021886939527077277 20
1767987229818 0.00021909525422679802 21
1767987229998 0.00021804450035790892 22
1767987230178 0.00021741145073681236 23
1767987230377 0.0002159551096713497 24
1767987230575 0.00021441636630287019 25
1767987230765 0.00021235442842049861 26
1767987230957 0.0002100578856756798 27
1767987231136 0.000207467997062204 28
1767987231326 0.00020471066771630917 29
1767987231518 0.00020185118122636566 30
1767987231737 0.00019897119540063056 31
1767987231940 0.00019614019481284026 32
1767987232128 0.00019341442091371714 33
1767987232318 0.0001908347259755359 34
1767987232498 0.00018842889318376922 35
1767987232698 0.0001862138685077474 36
1767987232878 0.0001841991862684447 37
1767987233077 0.00018239198676207207 38
1767987233267 0.0001807982436378464 39
1767987233454 0.00017942536930692563 40
1767987233665 0.00017828278569434206 41
1767987233850 0.00017738381117646162 42
1767987234060 0.00017674561070546793 43
1767987234250 0.00017639056178238882 44
1767987234436 0.00017634002735224298 45
1767987234645 0.0001766155401715115 46
1767987234855 0.00017723386894607346 47
1767987235079 0.00017820351090889626 48
1767987235285 0.0001795198843190578 49
